checkpoints
2274 309
3227 332
681 381
5212 631
floor
rock N 1995 734 100
herbe0-1 N 0 788 100
herbe1-1 N 996 788 100
herbe2-1 N 2875 788 100
herbe3-1 N 3918 788 100
plateforme1 N 583 640 100
plateforme2 N 809 721 100
plateforme3 N 1584 564 100
plateforme4 N 1806 478 100
plateforme4 L 1552 275 95 37
plateforme4 L 1260 204 95 37
pont1 L 2406 566 51 33
pont1 L 2824 566 51 33
limits N 5533 788 100
limits N 0 788 100
objects
trunk 1693 738 100
spikes 930 735
spikes 1015 735
spikes 1097 735
eau1 2767 722
eau1 3810 722
eau1 2767 722
eau1 2659 722
eau1 2551 722
eau1 2443 722
eau1 2389 722
levers
5041 680 spikesRet 4174 452 0
5041 680 spikesRet 4391 451 0
5041 680 spikesRet 4626 456 0
5041 680 eau1 4033 722 0
5041 680 eau1 4258 722 0
5041 680 eau1 4482 722 0
5041 680 eau1 4710 722 0
745 689 plateform1 930 677 0
1271 159 pont3 2406 565 0
5041 680 forgottensword 3544 456